(kicad_pcb (version 20171130) (host pcbnew "(5.1.6)-1")

  (general
    (thickness 1.6)
    (drawings 7)
    (tracks 137)
    (zones 0)
    (modules 15)
    (nets 13)
  )

  (page A4)
  (layers
    (0 F.Cu mixed)
    (31 B.Cu power)
    (32 B.Adhes user)
    (33 F.Adhes user)
    (34 B.Paste user)
    (35 F.Paste user)
    (36 B.SilkS user)
    (37 F.SilkS user)
    (38 B.Mask user)
    (39 F.Mask user)
    (40 Dwgs.User user)
    (41 Cmts.User user)
    (42 Eco1.User user)
    (43 Eco2.User user)
    (44 Edge.Cuts user)
    (45 Margin user)
    (46 B.CrtYd user)
    (47 F.CrtYd user)
    (48 B.Fab user)
    (49 F.Fab user)
  )

  (setup
    (last_trace_width 0.25)
    (trace_clearance 0.2)
    (zone_clearance 0.15)
    (zone_45_only no)
    (trace_min 0.2)
    (via_size 0.8)
    (via_drill 0.4)
    (via_min_size 0.4)
    (via_min_drill 0.3)
    (uvia_size 0.3)
    (uvia_drill 0.1)
    (uvias_allowed no)
    (uvia_min_size 0.2)
    (uvia_min_drill 0.1)
    (edge_width 0.05)
    (segment_width 0.2)
    (pcb_text_width 0.3)
    (pcb_text_size 1.5 1.5)
    (mod_edge_width 0.12)
    (mod_text_size 1 1)
    (mod_text_width 0.15)
    (pad_size 1.524 1.524)
    (pad_drill 0.762)
    (pad_to_mask_clearance 0.05)
    (aux_axis_origin 0 0)
    (visible_elements 7FFFFFFF)
    (pcbplotparams
      (layerselection 0x010fc_ffffffff)
      (usegerberextensions false)
      (usegerberattributes true)
      (usegerberadvancedattributes true)
      (creategerberjobfile true)
      (excludeedgelayer true)
      (linewidth 0.100000)
      (plotframeref false)
      (viasonmask false)
      (mode 1)
      (useauxorigin false)
      (hpglpennumber 1)
      (hpglpenspeed 20)
      (hpglpendiameter 15.000000)
      (psnegative false)
      (psa4output false)
      (plotreference true)
      (plotvalue true)
      (plotinvisibletext false)
      (padsonsilk false)
      (subtractmaskfromsilk false)
      (outputformat 1)
      (mirror false)
      (drillshape 1)
      (scaleselection 1)
      (outputdirectory ""))
  )

  (net 0 "")
  (net 1 "Net-(C1-Pad2)")
  (net 2 "Net-(C1-Pad1)")
  (net 3 "Net-(C2-Pad2)")
  (net 4 "Net-(C2-Pad1)")
  (net 5 Ground)
  (net 6 5V)
  (net 7 Output2)
  (net 8 Output1)
  (net 9 VR2-)
  (net 10 VR2+)
  (net 11 VR1+)
  (net 12 VR1-)

  (net_class Default "This is the default net class."
    (clearance 0.2)
    (trace_width 0.25)
    (via_dia 0.8)
    (via_drill 0.4)
    (uvia_dia 0.3)
    (uvia_drill 0.1)
  )

  (net_class Power ""
    (clearance 0.2)
    (trace_width 0.25)
    (via_dia 0.8)
    (via_drill 0.4)
    (uvia_dia 0.3)
    (uvia_drill 0.1)
    (add_net 5V)
    (add_net Ground)
  )

  (net_class Signal ""
    (clearance 0.1)
    (trace_width 0.2)
    (via_dia 0.6)
    (via_drill 0.4)
    (uvia_dia 0.3)
    (uvia_drill 0.1)
    (diff_pair_width 0.2)
    (diff_pair_gap 0.2)
    (add_net "Net-(C1-Pad1)")
    (add_net "Net-(C1-Pad2)")
    (add_net "Net-(C2-Pad1)")
    (add_net "Net-(C2-Pad2)")
    (add_net Output1)
    (add_net Output2)
    (add_net VR1+)
    (add_net VR1-)
    (add_net VR2+)
    (add_net VR2-)
  )

  (module Package_DIP:DIP-8_W7.62mm_Socket (layer B.Cu) (tedit 5A02E8C5) (tstamp 5EFF1F5F)
    (at 134.62 88.9 270)
    (descr "8-lead though-hole mounted DIP package, row spacing 7.62 mm (300 mils), Socket")
    (tags "THT DIP DIL PDIP 2.54mm 7.62mm 300mil Socket")
    (path /5F034AAC)
    (fp_text reference J1 (at 3.81 2.33 90) (layer B.SilkS)
      (effects (font (size 1 1) (thickness 0.15)) (justify mirror))
    )
    (fp_text value Conn (at 3.81 -9.95 90) (layer B.Fab)
      (effects (font (size 1 1) (thickness 0.15)) (justify mirror))
    )
    (fp_text user %R (at 3.81 -3.81 90) (layer B.Fab)
      (effects (font (size 1 1) (thickness 0.15)) (justify mirror))
    )
    (fp_arc (start 3.81 1.33) (end 2.81 1.33) (angle 180) (layer B.SilkS) (width 0.12))
    (fp_line (start 1.635 1.27) (end 6.985 1.27) (layer B.Fab) (width 0.1))
    (fp_line (start 6.985 1.27) (end 6.985 -8.89) (layer B.Fab) (width 0.1))
    (fp_line (start 6.985 -8.89) (end 0.635 -8.89) (layer B.Fab) (width 0.1))
    (fp_line (start 0.635 -8.89) (end 0.635 0.27) (layer B.Fab) (width 0.1))
    (fp_line (start 0.635 0.27) (end 1.635 1.27) (layer B.Fab) (width 0.1))
    (fp_line (start -1.27 1.33) (end -1.27 -8.95) (layer B.Fab) (width 0.1))
    (fp_line (start -1.27 -8.95) (end 8.89 -8.95) (layer B.Fab) (width 0.1))
    (fp_line (start 8.89 -8.95) (end 8.89 1.33) (layer B.Fab) (width 0.1))
    (fp_line (start 8.89 1.33) (end -1.27 1.33) (layer B.Fab) (width 0.1))
    (fp_line (start 2.81 1.33) (end 1.16 1.33) (layer B.SilkS) (width 0.12))
    (fp_line (start 1.16 1.33) (end 1.16 -8.95) (layer B.SilkS) (width 0.12))
    (fp_line (start 1.16 -8.95) (end 6.46 -8.95) (layer B.SilkS) (width 0.12))
    (fp_line (start 6.46 -8.95) (end 6.46 1.33) (layer B.SilkS) (width 0.12))
    (fp_line (start 6.46 1.33) (end 4.81 1.33) (layer B.SilkS) (width 0.12))
    (fp_line (start -1.33 1.39) (end -1.33 -9.01) (layer B.SilkS) (width 0.12))
    (fp_line (start -1.33 -9.01) (end 8.95 -9.01) (layer B.SilkS) (width 0.12))
    (fp_line (start 8.95 -9.01) (end 8.95 1.39) (layer B.SilkS) (width 0.12))
    (fp_line (start 8.95 1.39) (end -1.33 1.39) (layer B.SilkS) (width 0.12))
    (fp_line (start -1.55 1.6) (end -1.55 -9.2) (layer B.CrtYd) (width 0.05))
    (fp_line (start -1.55 -9.2) (end 9.15 -9.2) (layer B.CrtYd) (width 0.05))
    (fp_line (start 9.15 -9.2) (end 9.15 1.6) (layer B.CrtYd) (width 0.05))
    (fp_line (start 9.15 1.6) (end -1.55 1.6) (layer B.CrtYd) (width 0.05))
    (pad 8 thru_hole oval (at 7.62 0 270) (size 1.6 1.6) (drill 0.8) (layers *.Cu *.Mask)
      (net 8 Output1))
    (pad 4 thru_hole oval (at 0 -7.62 270) (size 1.6 1.6) (drill 0.8) (layers *.Cu *.Mask)
      (net 9 VR2-))
    (pad 7 thru_hole oval (at 7.62 -2.54 270) (size 1.6 1.6) (drill 0.8) (layers *.Cu *.Mask)
      (net 7 Output2))
    (pad 3 thru_hole oval (at 0 -5.08 270) (size 1.6 1.6) (drill 0.8) (layers *.Cu *.Mask)
      (net 10 VR2+))
    (pad 6 thru_hole oval (at 7.62 -5.08 270) (size 1.6 1.6) (drill 0.8) (layers *.Cu *.Mask)
      (net 5 Ground))
    (pad 2 thru_hole oval (at 0 -2.54 270) (size 1.6 1.6) (drill 0.8) (layers *.Cu *.Mask)
      (net 11 VR1+))
    (pad 5 thru_hole oval (at 7.62 -7.62 270) (size 1.6 1.6) (drill 0.8) (layers *.Cu *.Mask)
      (net 6 5V))
    (pad 1 thru_hole rect (at 0 0 270) (size 1.6 1.6) (drill 0.8) (layers *.Cu *.Mask)
      (net 12 VR1-))
    (model ${KISYS3DMOD}/Package_DIP.3dshapes/DIP-8_W7.62mm_Socket.wrl
      (at (xyz 0 0 0))
      (scale (xyz 1 1 1))
      (rotate (xyz 0 0 0))
    )
  )

  (module Package_SO:QSOP-16_3.9x4.9mm_P0.635mm (layer F.Cu) (tedit 5A02F25C) (tstamp 5EFF230B)
    (at 148.59 90.17 90)
    (descr "16-Lead Plastic Shrink Small Outline Narrow Body (QR)-.150\" Body [QSOP] (see Microchip Packaging Specification 00000049BS.pdf)")
    (tags "SSOP 0.635")
    (path /5F034022)
    (attr smd)
    (fp_text reference IC1 (at 0 -3.5 90) (layer F.SilkS)
      (effects (font (size 1 1) (thickness 0.15)))
    )
    (fp_text value MAX9926UAEE+ (at 0 3.5 90) (layer F.Fab) hide
      (effects (font (size 1 1) (thickness 0.15)))
    )
    (fp_line (start -0.95 -2.45) (end 1.95 -2.45) (layer F.Fab) (width 0.15))
    (fp_line (start 1.95 -2.45) (end 1.95 2.45) (layer F.Fab) (width 0.15))
    (fp_line (start 1.95 2.45) (end -1.95 2.45) (layer F.Fab) (width 0.15))
    (fp_line (start -1.95 2.45) (end -1.95 -1.45) (layer F.Fab) (width 0.15))
    (fp_line (start -1.95 -1.45) (end -0.95 -2.45) (layer F.Fab) (width 0.15))
    (fp_line (start -3.7 -2.85) (end -3.7 2.8) (layer F.CrtYd) (width 0.05))
    (fp_line (start 3.7 -2.85) (end 3.7 2.8) (layer F.CrtYd) (width 0.05))
    (fp_line (start -3.7 -2.85) (end 3.7 -2.85) (layer F.CrtYd) (width 0.05))
    (fp_line (start -3.7 2.8) (end 3.7 2.8) (layer F.CrtYd) (width 0.05))
    (fp_line (start -1.8543 2.675) (end 1.8543 2.675) (layer F.SilkS) (width 0.15))
    (fp_line (start -3.525 -2.725) (end 1.8586 -2.725) (layer F.SilkS) (width 0.15))
    (fp_text user %R (at 0 0 90) (layer F.Fab) hide
      (effects (font (size 0.7 0.7) (thickness 0.15)))
    )
    (pad 16 smd rect (at 2.6543 -2.2225 90) (size 1.6 0.41) (layers F.Cu F.Paste F.Mask)
      (net 2 "Net-(C1-Pad1)"))
    (pad 15 smd rect (at 2.6543 -1.5875 90) (size 1.6 0.41) (layers F.Cu F.Paste F.Mask)
      (net 1 "Net-(C1-Pad2)"))
    (pad 14 smd rect (at 2.6543 -0.9525 90) (size 1.6 0.41) (layers F.Cu F.Paste F.Mask)
      (net 6 5V))
    (pad 13 smd rect (at 2.6543 -0.3175 90) (size 1.6 0.41) (layers F.Cu F.Paste F.Mask)
      (net 5 Ground))
    (pad 12 smd rect (at 2.6543 0.3175 90) (size 1.6 0.41) (layers F.Cu F.Paste F.Mask))
    (pad 11 smd rect (at 2.6543 0.9525 90) (size 1.6 0.41) (layers F.Cu F.Paste F.Mask)
      (net 5 Ground))
    (pad 10 smd rect (at 2.6543 1.5875 90) (size 1.6 0.41) (layers F.Cu F.Paste F.Mask)
      (net 4 "Net-(C2-Pad1)"))
    (pad 9 smd rect (at 2.6543 2.2225 90) (size 1.6 0.41) (layers F.Cu F.Paste F.Mask)
      (net 3 "Net-(C2-Pad2)"))
    (pad 8 smd rect (at -2.6543 2.2225 90) (size 1.6 0.41) (layers F.Cu F.Paste F.Mask)
      (net 5 Ground))
    (pad 7 smd rect (at -2.6543 1.5875 90) (size 1.6 0.41) (layers F.Cu F.Paste F.Mask))
    (pad 6 smd rect (at -2.6543 0.9525 90) (size 1.6 0.41) (layers F.Cu F.Paste F.Mask)
      (net 5 Ground))
    (pad 5 smd rect (at -2.6543 0.3175 90) (size 1.6 0.41) (layers F.Cu F.Paste F.Mask)
      (net 7 Output2))
    (pad 4 smd rect (at -2.6543 -0.3175 90) (size 1.6 0.41) (layers F.Cu F.Paste F.Mask)
      (net 8 Output1))
    (pad 3 smd rect (at -2.6543 -0.9525 90) (size 1.6 0.41) (layers F.Cu F.Paste F.Mask)
      (net 5 Ground))
    (pad 2 smd rect (at -2.6543 -1.5875 90) (size 1.6 0.41) (layers F.Cu F.Paste F.Mask))
    (pad 1 smd rect (at -2.6543 -2.2225 90) (size 1.6 0.41) (layers F.Cu F.Paste F.Mask)
      (net 5 Ground))
    (model ${KISYS3DMOD}/Package_SO.3dshapes/QSOP-16_3.9x4.9mm_P0.635mm.wrl
      (at (xyz 0 0 0))
      (scale (xyz 1 1 1))
      (rotate (xyz 0 0 0))
    )
  )

  (module Resistor_THT:R_Axial_DIN0414_L11.9mm_D4.5mm_P15.24mm_Horizontal (layer F.Cu) (tedit 5AE5139B) (tstamp 5F04753A)
    (at 127 82.55 270)
    (descr "Resistor, Axial_DIN0414 series, Axial, Horizontal, pin pitch=15.24mm, 2W, length*diameter=11.9*4.5mm^2, http://www.vishay.com/docs/20128/wkxwrx.pdf")
    (tags "Resistor Axial_DIN0414 series Axial Horizontal pin pitch 15.24mm 2W length 11.9mm diameter 4.5mm")
    (path /5F044A65)
    (fp_text reference R8 (at 7.62 -3.37 90) (layer F.SilkS)
      (effects (font (size 1 1) (thickness 0.15)))
    )
    (fp_text value 4.7K (at 7.62 3.37 90) (layer F.Fab)
      (effects (font (size 1 1) (thickness 0.15)))
    )
    (fp_line (start 16.69 -2.5) (end -1.45 -2.5) (layer F.CrtYd) (width 0.05))
    (fp_line (start 16.69 2.5) (end 16.69 -2.5) (layer F.CrtYd) (width 0.05))
    (fp_line (start -1.45 2.5) (end 16.69 2.5) (layer F.CrtYd) (width 0.05))
    (fp_line (start -1.45 -2.5) (end -1.45 2.5) (layer F.CrtYd) (width 0.05))
    (fp_line (start 13.8 0) (end 13.69 0) (layer F.SilkS) (width 0.12))
    (fp_line (start 1.44 0) (end 1.55 0) (layer F.SilkS) (width 0.12))
    (fp_line (start 13.69 -2.37) (end 1.55 -2.37) (layer F.SilkS) (width 0.12))
    (fp_line (start 13.69 2.37) (end 13.69 -2.37) (layer F.SilkS) (width 0.12))
    (fp_line (start 1.55 2.37) (end 13.69 2.37) (layer F.SilkS) (width 0.12))
    (fp_line (start 1.55 -2.37) (end 1.55 2.37) (layer F.SilkS) (width 0.12))
    (fp_line (start 15.24 0) (end 13.57 0) (layer F.Fab) (width 0.1))
    (fp_line (start 0 0) (end 1.67 0) (layer F.Fab) (width 0.1))
    (fp_line (start 13.57 -2.25) (end 1.67 -2.25) (layer F.Fab) (width 0.1))
    (fp_line (start 13.57 2.25) (end 13.57 -2.25) (layer F.Fab) (width 0.1))
    (fp_line (start 1.67 2.25) (end 13.57 2.25) (layer F.Fab) (width 0.1))
    (fp_line (start 1.67 -2.25) (end 1.67 2.25) (layer F.Fab) (width 0.1))
    (fp_text user %R (at 7.62 0 90) (layer F.Fab)
      (effects (font (size 1 1) (thickness 0.15)))
    )
    (pad 2 thru_hole oval (at 15.24 0 270) (size 2.4 2.4) (drill 1.2) (layers *.Cu *.Mask)
      (net 9 VR2-))
    (pad 1 thru_hole circle (at 0 0 270) (size 2.4 2.4) (drill 1.2) (layers *.Cu *.Mask)
      (net 10 VR2+))
    (model ${KISYS3DMOD}/Resistor_THT.3dshapes/R_Axial_DIN0414_L11.9mm_D4.5mm_P15.24mm_Horizontal.wrl
      (at (xyz 0 0 0))
      (scale (xyz 1 1 1))
      (rotate (xyz 0 0 0))
    )
  )

  (module Resistor_THT:R_Axial_DIN0414_L11.9mm_D4.5mm_P15.24mm_Horizontal (layer F.Cu) (tedit 5AE5139B) (tstamp 5F04741D)
    (at 156.21 97.79 90)
    (descr "Resistor, Axial_DIN0414 series, Axial, Horizontal, pin pitch=15.24mm, 2W, length*diameter=11.9*4.5mm^2, http://www.vishay.com/docs/20128/wkxwrx.pdf")
    (tags "Resistor Axial_DIN0414 series Axial Horizontal pin pitch 15.24mm 2W length 11.9mm diameter 4.5mm")
    (path /5F04DF67)
    (fp_text reference R7 (at 7.62 -3.37 90) (layer F.SilkS)
      (effects (font (size 1 1) (thickness 0.15)))
    )
    (fp_text value 4.7K (at 7.62 3.37 90) (layer F.Fab)
      (effects (font (size 1 1) (thickness 0.15)))
    )
    (fp_line (start 16.69 -2.5) (end -1.45 -2.5) (layer F.CrtYd) (width 0.05))
    (fp_line (start 16.69 2.5) (end 16.69 -2.5) (layer F.CrtYd) (width 0.05))
    (fp_line (start -1.45 2.5) (end 16.69 2.5) (layer F.CrtYd) (width 0.05))
    (fp_line (start -1.45 -2.5) (end -1.45 2.5) (layer F.CrtYd) (width 0.05))
    (fp_line (start 13.8 0) (end 13.69 0) (layer F.SilkS) (width 0.12))
    (fp_line (start 1.44 0) (end 1.55 0) (layer F.SilkS) (width 0.12))
    (fp_line (start 13.69 -2.37) (end 1.55 -2.37) (layer F.SilkS) (width 0.12))
    (fp_line (start 13.69 2.37) (end 13.69 -2.37) (layer F.SilkS) (width 0.12))
    (fp_line (start 1.55 2.37) (end 13.69 2.37) (layer F.SilkS) (width 0.12))
    (fp_line (start 1.55 -2.37) (end 1.55 2.37) (layer F.SilkS) (width 0.12))
    (fp_line (start 15.24 0) (end 13.57 0) (layer F.Fab) (width 0.1))
    (fp_line (start 0 0) (end 1.67 0) (layer F.Fab) (width 0.1))
    (fp_line (start 13.57 -2.25) (end 1.67 -2.25) (layer F.Fab) (width 0.1))
    (fp_line (start 13.57 2.25) (end 13.57 -2.25) (layer F.Fab) (width 0.1))
    (fp_line (start 1.67 2.25) (end 13.57 2.25) (layer F.Fab) (width 0.1))
    (fp_line (start 1.67 -2.25) (end 1.67 2.25) (layer F.Fab) (width 0.1))
    (fp_text user %R (at 7.62 0 90) (layer F.Fab)
      (effects (font (size 1 1) (thickness 0.15)))
    )
    (pad 2 thru_hole oval (at 15.24 0 90) (size 2.4 2.4) (drill 1.2) (layers *.Cu *.Mask)
      (net 11 VR1+))
    (pad 1 thru_hole circle (at 0 0 90) (size 2.4 2.4) (drill 1.2) (layers *.Cu *.Mask)
      (net 12 VR1-))
    (model ${KISYS3DMOD}/Resistor_THT.3dshapes/R_Axial_DIN0414_L11.9mm_D4.5mm_P15.24mm_Horizontal.wrl
      (at (xyz 0 0 0))
      (scale (xyz 1 1 1))
      (rotate (xyz 0 0 0))
    )
  )

  (module Capacitor_SMD:C_0805_2012Metric (layer F.Cu) (tedit 5B36C52B) (tstamp 5EFEAE3C)
    (at 147.574 82.8825 270)
    (descr "Capacitor SMD 0805 (2012 Metric), square (rectangular) end terminal, IPC_7351 nominal, (Body size source: https://docs.google.com/spreadsheets/d/1BsfQQcO9C6DZCsRaXUlFlo91Tg2WpOkGARC1WS5S8t0/edit?usp=sharing), generated with kicad-footprint-generator")
    (tags capacitor)
    (path /5F04DF61)
    (attr smd)
    (fp_text reference C1 (at -2.8725 0.254 90) (layer F.SilkS)
      (effects (font (size 1 1) (thickness 0.15)))
    )
    (fp_text value 1nF (at 0 1.65 90) (layer F.Fab) hide
      (effects (font (size 1 1) (thickness 0.15)))
    )
    (fp_line (start -1 0.6) (end -1 -0.6) (layer F.Fab) (width 0.1))
    (fp_line (start -1 -0.6) (end 1 -0.6) (layer F.Fab) (width 0.1))
    (fp_line (start 1 -0.6) (end 1 0.6) (layer F.Fab) (width 0.1))
    (fp_line (start 1 0.6) (end -1 0.6) (layer F.Fab) (width 0.1))
    (fp_line (start -0.258578 -0.71) (end 0.258578 -0.71) (layer F.SilkS) (width 0.12))
    (fp_line (start -0.258578 0.71) (end 0.258578 0.71) (layer F.SilkS) (width 0.12))
    (fp_line (start -1.68 0.95) (end -1.68 -0.95) (layer F.CrtYd) (width 0.05))
    (fp_line (start -1.68 -0.95) (end 1.68 -0.95) (layer F.CrtYd) (width 0.05))
    (fp_line (start 1.68 -0.95) (end 1.68 0.95) (layer F.CrtYd) (width 0.05))
    (fp_line (start 1.68 0.95) (end -1.68 0.95) (layer F.CrtYd) (width 0.05))
    (fp_text user %R (at 0 0 90) (layer F.Fab) hide
      (effects (font (size 0.5 0.5) (thickness 0.08)))
    )
    (pad 2 smd roundrect (at 0.9375 0 270) (size 0.975 1.4) (layers F.Cu F.Paste F.Mask) (roundrect_rratio 0.25)
      (net 1 "Net-(C1-Pad2)"))
    (pad 1 smd roundrect (at -0.9375 0 270) (size 0.975 1.4) (layers F.Cu F.Paste F.Mask) (roundrect_rratio 0.25)
      (net 2 "Net-(C1-Pad1)"))
    (model ${KISYS3DMOD}/Capacitor_SMD.3dshapes/C_0805_2012Metric.wrl
      (at (xyz 0 0 0))
      (scale (xyz 1 1 1))
      (rotate (xyz 0 0 0))
    )
  )

  (module Resistor_SMD:R_0805_2012Metric (layer F.Cu) (tedit 5B36C52B) (tstamp 5EFF1029)
    (at 136.906 82.8825 90)
    (descr "Resistor SMD 0805 (2012 Metric), square (rectangular) end terminal, IPC_7351 nominal, (Body size source: https://docs.google.com/spreadsheets/d/1BsfQQcO9C6DZCsRaXUlFlo91Tg2WpOkGARC1WS5S8t0/edit?usp=sharing), generated with kicad-footprint-generator")
    (tags resistor)
    (path /5F0439CE)
    (attr smd)
    (fp_text reference R6 (at 2.8725 0.254 90) (layer F.SilkS)
      (effects (font (size 1 1) (thickness 0.15)))
    )
    (fp_text value 10K (at 0 1.65 90) (layer F.Fab) hide
      (effects (font (size 1 1) (thickness 0.15)))
    )
    (fp_line (start -1 0.6) (end -1 -0.6) (layer F.Fab) (width 0.1))
    (fp_line (start -1 -0.6) (end 1 -0.6) (layer F.Fab) (width 0.1))
    (fp_line (start 1 -0.6) (end 1 0.6) (layer F.Fab) (width 0.1))
    (fp_line (start 1 0.6) (end -1 0.6) (layer F.Fab) (width 0.1))
    (fp_line (start -0.258578 -0.71) (end 0.258578 -0.71) (layer F.SilkS) (width 0.12))
    (fp_line (start -0.258578 0.71) (end 0.258578 0.71) (layer F.SilkS) (width 0.12))
    (fp_line (start -1.68 0.95) (end -1.68 -0.95) (layer F.CrtYd) (width 0.05))
    (fp_line (start -1.68 -0.95) (end 1.68 -0.95) (layer F.CrtYd) (width 0.05))
    (fp_line (start 1.68 -0.95) (end 1.68 0.95) (layer F.CrtYd) (width 0.05))
    (fp_line (start 1.68 0.95) (end -1.68 0.95) (layer F.CrtYd) (width 0.05))
    (fp_text user %R (at 0 0 90) (layer F.Fab) hide
      (effects (font (size 0.5 0.5) (thickness 0.08)))
    )
    (pad 2 smd roundrect (at 0.9375 0 90) (size 0.975 1.4) (layers F.Cu F.Paste F.Mask) (roundrect_rratio 0.25)
      (net 3 "Net-(C2-Pad2)"))
    (pad 1 smd roundrect (at -0.9375 0 90) (size 0.975 1.4) (layers F.Cu F.Paste F.Mask) (roundrect_rratio 0.25)
      (net 10 VR2+))
    (model ${KISYS3DMOD}/Resistor_SMD.3dshapes/R_0805_2012Metric.wrl
      (at (xyz 0 0 0))
      (scale (xyz 1 1 1))
      (rotate (xyz 0 0 0))
    )
  )

  (module Resistor_SMD:R_0805_2012Metric (layer B.Cu) (tedit 5B36C52B) (tstamp 5EFF24D3)
    (at 149.86 101.9325 90)
    (descr "Resistor SMD 0805 (2012 Metric), square (rectangular) end terminal, IPC_7351 nominal, (Body size source: https://docs.google.com/spreadsheets/d/1BsfQQcO9C6DZCsRaXUlFlo91Tg2WpOkGARC1WS5S8t0/edit?usp=sharing), generated with kicad-footprint-generator")
    (tags resistor)
    (path /5F038A85)
    (attr smd)
    (fp_text reference R2 (at 0.3325 -2.54 270) (layer B.SilkS)
      (effects (font (size 1 1) (thickness 0.15)) (justify mirror))
    )
    (fp_text value 1K (at 0 -1.65 270) (layer B.Fab) hide
      (effects (font (size 1 1) (thickness 0.15)) (justify mirror))
    )
    (fp_line (start -1 -0.6) (end -1 0.6) (layer B.Fab) (width 0.1))
    (fp_line (start -1 0.6) (end 1 0.6) (layer B.Fab) (width 0.1))
    (fp_line (start 1 0.6) (end 1 -0.6) (layer B.Fab) (width 0.1))
    (fp_line (start 1 -0.6) (end -1 -0.6) (layer B.Fab) (width 0.1))
    (fp_line (start -0.258578 0.71) (end 0.258578 0.71) (layer B.SilkS) (width 0.12))
    (fp_line (start -0.258578 -0.71) (end 0.258578 -0.71) (layer B.SilkS) (width 0.12))
    (fp_line (start -1.68 -0.95) (end -1.68 0.95) (layer B.CrtYd) (width 0.05))
    (fp_line (start -1.68 0.95) (end 1.68 0.95) (layer B.CrtYd) (width 0.05))
    (fp_line (start 1.68 0.95) (end 1.68 -0.95) (layer B.CrtYd) (width 0.05))
    (fp_line (start 1.68 -0.95) (end -1.68 -0.95) (layer B.CrtYd) (width 0.05))
    (fp_text user %R (at 0 0 270) (layer B.Fab) hide
      (effects (font (size 0.5 0.5) (thickness 0.08)) (justify mirror))
    )
    (pad 2 smd roundrect (at 0.9375 0 90) (size 0.975 1.4) (layers B.Cu B.Paste B.Mask) (roundrect_rratio 0.25)
      (net 6 5V))
    (pad 1 smd roundrect (at -0.9375 0 90) (size 0.975 1.4) (layers B.Cu B.Paste B.Mask) (roundrect_rratio 0.25)
      (net 7 Output2))
    (model ${KISYS3DMOD}/Resistor_SMD.3dshapes/R_0805_2012Metric.wrl
      (at (xyz 0 0 0))
      (scale (xyz 1 1 1))
      (rotate (xyz 0 0 0))
    )
  )

  (module Capacitor_SMD:C_0805_2012Metric (layer B.Cu) (tedit 5B36C52B) (tstamp 5EFF2533)
    (at 132.08 101.9325 270)
    (descr "Capacitor SMD 0805 (2012 Metric), square (rectangular) end terminal, IPC_7351 nominal, (Body size source: https://docs.google.com/spreadsheets/d/1BsfQQcO9C6DZCsRaXUlFlo91Tg2WpOkGARC1WS5S8t0/edit?usp=sharing), generated with kicad-footprint-generator")
    (tags capacitor)
    (path /5F03ED16)
    (attr smd)
    (fp_text reference C5 (at 0 1.65 270) (layer B.SilkS)
      (effects (font (size 1 1) (thickness 0.15)) (justify mirror))
    )
    (fp_text value 1uF (at 0 -1.65 270) (layer B.Fab) hide
      (effects (font (size 1 1) (thickness 0.15)) (justify mirror))
    )
    (fp_line (start -1 -0.6) (end -1 0.6) (layer B.Fab) (width 0.1))
    (fp_line (start -1 0.6) (end 1 0.6) (layer B.Fab) (width 0.1))
    (fp_line (start 1 0.6) (end 1 -0.6) (layer B.Fab) (width 0.1))
    (fp_line (start 1 -0.6) (end -1 -0.6) (layer B.Fab) (width 0.1))
    (fp_line (start -0.258578 0.71) (end 0.258578 0.71) (layer B.SilkS) (width 0.12))
    (fp_line (start -0.258578 -0.71) (end 0.258578 -0.71) (layer B.SilkS) (width 0.12))
    (fp_line (start -1.68 -0.95) (end -1.68 0.95) (layer B.CrtYd) (width 0.05))
    (fp_line (start -1.68 0.95) (end 1.68 0.95) (layer B.CrtYd) (width 0.05))
    (fp_line (start 1.68 0.95) (end 1.68 -0.95) (layer B.CrtYd) (width 0.05))
    (fp_line (start 1.68 -0.95) (end -1.68 -0.95) (layer B.CrtYd) (width 0.05))
    (fp_text user %R (at 0 0 270) (layer B.Fab) hide
      (effects (font (size 0.5 0.5) (thickness 0.08)) (justify mirror))
    )
    (pad 2 smd roundrect (at 0.9375 0 270) (size 0.975 1.4) (layers B.Cu B.Paste B.Mask) (roundrect_rratio 0.25)
      (net 5 Ground))
    (pad 1 smd roundrect (at -0.9375 0 270) (size 0.975 1.4) (layers B.Cu B.Paste B.Mask) (roundrect_rratio 0.25)
      (net 6 5V))
    (model ${KISYS3DMOD}/Capacitor_SMD.3dshapes/C_0805_2012Metric.wrl
      (at (xyz 0 0 0))
      (scale (xyz 1 1 1))
      (rotate (xyz 0 0 0))
    )
  )

  (module Capacitor_SMD:C_0805_2012Metric (layer F.Cu) (tedit 5B36C52B) (tstamp 5F04A050)
    (at 151.13 82.8825 90)
    (descr "Capacitor SMD 0805 (2012 Metric), square (rectangular) end terminal, IPC_7351 nominal, (Body size source: https://docs.google.com/spreadsheets/d/1BsfQQcO9C6DZCsRaXUlFlo91Tg2WpOkGARC1WS5S8t0/edit?usp=sharing), generated with kicad-footprint-generator")
    (tags capacitor)
    (path /5F043F77)
    (attr smd)
    (fp_text reference C2 (at 2.8725 0 90) (layer F.SilkS)
      (effects (font (size 1 1) (thickness 0.15)))
    )
    (fp_text value 1nF (at 0 1.65 90) (layer F.Fab) hide
      (effects (font (size 1 1) (thickness 0.15)))
    )
    (fp_line (start -1 0.6) (end -1 -0.6) (layer F.Fab) (width 0.1))
    (fp_line (start -1 -0.6) (end 1 -0.6) (layer F.Fab) (width 0.1))
    (fp_line (start 1 -0.6) (end 1 0.6) (layer F.Fab) (width 0.1))
    (fp_line (start 1 0.6) (end -1 0.6) (layer F.Fab) (width 0.1))
    (fp_line (start -0.258578 -0.71) (end 0.258578 -0.71) (layer F.SilkS) (width 0.12))
    (fp_line (start -0.258578 0.71) (end 0.258578 0.71) (layer F.SilkS) (width 0.12))
    (fp_line (start -1.68 0.95) (end -1.68 -0.95) (layer F.CrtYd) (width 0.05))
    (fp_line (start -1.68 -0.95) (end 1.68 -0.95) (layer F.CrtYd) (width 0.05))
    (fp_line (start 1.68 -0.95) (end 1.68 0.95) (layer F.CrtYd) (width 0.05))
    (fp_line (start 1.68 0.95) (end -1.68 0.95) (layer F.CrtYd) (width 0.05))
    (fp_text user %R (at 0 0 90) (layer F.Fab) hide
      (effects (font (size 0.5 0.5) (thickness 0.08)))
    )
    (pad 2 smd roundrect (at 0.9375 0 90) (size 0.975 1.4) (layers F.Cu F.Paste F.Mask) (roundrect_rratio 0.25)
      (net 3 "Net-(C2-Pad2)"))
    (pad 1 smd roundrect (at -0.9375 0 90) (size 0.975 1.4) (layers F.Cu F.Paste F.Mask) (roundrect_rratio 0.25)
      (net 4 "Net-(C2-Pad1)"))
    (model ${KISYS3DMOD}/Capacitor_SMD.3dshapes/C_0805_2012Metric.wrl
      (at (xyz 0 0 0))
      (scale (xyz 1 1 1))
      (rotate (xyz 0 0 0))
    )
  )

  (module Resistor_SMD:R_0805_2012Metric (layer F.Cu) (tedit 5B36C52B) (tstamp 5EFF09F5)
    (at 133.35 82.8825 270)
    (descr "Resistor SMD 0805 (2012 Metric), square (rectangular) end terminal, IPC_7351 nominal, (Body size source: https://docs.google.com/spreadsheets/d/1BsfQQcO9C6DZCsRaXUlFlo91Tg2WpOkGARC1WS5S8t0/edit?usp=sharing), generated with kicad-footprint-generator")
    (tags resistor)
    (path /5F043203)
    (attr smd)
    (fp_text reference R5 (at -2.8725 0 90) (layer F.SilkS)
      (effects (font (size 1 1) (thickness 0.15)))
    )
    (fp_text value 10K (at 0 1.65 90) (layer F.Fab) hide
      (effects (font (size 1 1) (thickness 0.15)))
    )
    (fp_line (start -1 0.6) (end -1 -0.6) (layer F.Fab) (width 0.1))
    (fp_line (start -1 -0.6) (end 1 -0.6) (layer F.Fab) (width 0.1))
    (fp_line (start 1 -0.6) (end 1 0.6) (layer F.Fab) (width 0.1))
    (fp_line (start 1 0.6) (end -1 0.6) (layer F.Fab) (width 0.1))
    (fp_line (start -0.258578 -0.71) (end 0.258578 -0.71) (layer F.SilkS) (width 0.12))
    (fp_line (start -0.258578 0.71) (end 0.258578 0.71) (layer F.SilkS) (width 0.12))
    (fp_line (start -1.68 0.95) (end -1.68 -0.95) (layer F.CrtYd) (width 0.05))
    (fp_line (start -1.68 -0.95) (end 1.68 -0.95) (layer F.CrtYd) (width 0.05))
    (fp_line (start 1.68 -0.95) (end 1.68 0.95) (layer F.CrtYd) (width 0.05))
    (fp_line (start 1.68 0.95) (end -1.68 0.95) (layer F.CrtYd) (width 0.05))
    (fp_text user %R (at 0 0 90) (layer F.Fab) hide
      (effects (font (size 0.5 0.5) (thickness 0.08)))
    )
    (pad 2 smd roundrect (at 0.9375 0 270) (size 0.975 1.4) (layers F.Cu F.Paste F.Mask) (roundrect_rratio 0.25)
      (net 4 "Net-(C2-Pad1)"))
    (pad 1 smd roundrect (at -0.9375 0 270) (size 0.975 1.4) (layers F.Cu F.Paste F.Mask) (roundrect_rratio 0.25)
      (net 9 VR2-))
    (model ${KISYS3DMOD}/Resistor_SMD.3dshapes/R_0805_2012Metric.wrl
      (at (xyz 0 0 0))
      (scale (xyz 1 1 1))
      (rotate (xyz 0 0 0))
    )
  )

  (module Resistor_SMD:R_0805_2012Metric (layer F.Cu) (tedit 5B36C52B) (tstamp 5F04DD07)
    (at 144.018 82.8825 90)
    (descr "Resistor SMD 0805 (2012 Metric), square (rectangular) end terminal, IPC_7351 nominal, (Body size source: https://docs.google.com/spreadsheets/d/1BsfQQcO9C6DZCsRaXUlFlo91Tg2WpOkGARC1WS5S8t0/edit?usp=sharing), generated with kicad-footprint-generator")
    (tags resistor)
    (path /5F04DF5B)
    (attr smd)
    (fp_text reference R4 (at 2.8725 -0.508 90) (layer F.SilkS)
      (effects (font (size 1 1) (thickness 0.15)))
    )
    (fp_text value 10K (at 0 1.65 90) (layer F.Fab) hide
      (effects (font (size 1 1) (thickness 0.15)))
    )
    (fp_line (start 1.68 0.95) (end -1.68 0.95) (layer F.CrtYd) (width 0.05))
    (fp_line (start 1.68 -0.95) (end 1.68 0.95) (layer F.CrtYd) (width 0.05))
    (fp_line (start -1.68 -0.95) (end 1.68 -0.95) (layer F.CrtYd) (width 0.05))
    (fp_line (start -1.68 0.95) (end -1.68 -0.95) (layer F.CrtYd) (width 0.05))
    (fp_line (start -0.258578 0.71) (end 0.258578 0.71) (layer F.SilkS) (width 0.12))
    (fp_line (start -0.258578 -0.71) (end 0.258578 -0.71) (layer F.SilkS) (width 0.12))
    (fp_line (start 1 0.6) (end -1 0.6) (layer F.Fab) (width 0.1))
    (fp_line (start 1 -0.6) (end 1 0.6) (layer F.Fab) (width 0.1))
    (fp_line (start -1 -0.6) (end 1 -0.6) (layer F.Fab) (width 0.1))
    (fp_line (start -1 0.6) (end -1 -0.6) (layer F.Fab) (width 0.1))
    (fp_text user %R (at 0 0 90) (layer F.Fab) hide
      (effects (font (size 0.5 0.5) (thickness 0.08)))
    )
    (pad 1 smd roundrect (at -0.9375 0 90) (size 0.975 1.4) (layers F.Cu F.Paste F.Mask) (roundrect_rratio 0.25)
      (net 12 VR1-))
    (pad 2 smd roundrect (at 0.9375 0 90) (size 0.975 1.4) (layers F.Cu F.Paste F.Mask) (roundrect_rratio 0.25)
      (net 1 "Net-(C1-Pad2)"))
    (model ${KISYS3DMOD}/Resistor_SMD.3dshapes/R_0805_2012Metric.wrl
      (at (xyz 0 0 0))
      (scale (xyz 1 1 1))
      (rotate (xyz 0 0 0))
    )
  )

  (module Resistor_SMD:R_0805_2012Metric (layer F.Cu) (tedit 5B36C52B) (tstamp 5EFEE02F)
    (at 140.462 82.8825 270)
    (descr "Resistor SMD 0805 (2012 Metric), square (rectangular) end terminal, IPC_7351 nominal, (Body size source: https://docs.google.com/spreadsheets/d/1BsfQQcO9C6DZCsRaXUlFlo91Tg2WpOkGARC1WS5S8t0/edit?usp=sharing), generated with kicad-footprint-generator")
    (tags resistor)
    (path /5F04DF55)
    (attr smd)
    (fp_text reference R3 (at -2.8725 -0.508 90) (layer F.SilkS)
      (effects (font (size 1 1) (thickness 0.15)))
    )
    (fp_text value 10K (at 0 1.65 90) (layer F.Fab) hide
      (effects (font (size 1 1) (thickness 0.15)))
    )
    (fp_line (start -1 0.6) (end -1 -0.6) (layer F.Fab) (width 0.1))
    (fp_line (start -1 -0.6) (end 1 -0.6) (layer F.Fab) (width 0.1))
    (fp_line (start 1 -0.6) (end 1 0.6) (layer F.Fab) (width 0.1))
    (fp_line (start 1 0.6) (end -1 0.6) (layer F.Fab) (width 0.1))
    (fp_line (start -0.258578 -0.71) (end 0.258578 -0.71) (layer F.SilkS) (width 0.12))
    (fp_line (start -0.258578 0.71) (end 0.258578 0.71) (layer F.SilkS) (width 0.12))
    (fp_line (start -1.68 0.95) (end -1.68 -0.95) (layer F.CrtYd) (width 0.05))
    (fp_line (start -1.68 -0.95) (end 1.68 -0.95) (layer F.CrtYd) (width 0.05))
    (fp_line (start 1.68 -0.95) (end 1.68 0.95) (layer F.CrtYd) (width 0.05))
    (fp_line (start 1.68 0.95) (end -1.68 0.95) (layer F.CrtYd) (width 0.05))
    (fp_text user %R (at 0 0 90) (layer F.Fab) hide
      (effects (font (size 0.5 0.5) (thickness 0.08)))
    )
    (pad 2 smd roundrect (at 0.9375 0 270) (size 0.975 1.4) (layers F.Cu F.Paste F.Mask) (roundrect_rratio 0.25)
      (net 2 "Net-(C1-Pad1)"))
    (pad 1 smd roundrect (at -0.9375 0 270) (size 0.975 1.4) (layers F.Cu F.Paste F.Mask) (roundrect_rratio 0.25)
      (net 11 VR1+))
    (model ${KISYS3DMOD}/Resistor_SMD.3dshapes/R_0805_2012Metric.wrl
      (at (xyz 0 0 0))
      (scale (xyz 1 1 1))
      (rotate (xyz 0 0 0))
    )
  )

  (module Resistor_SMD:R_0805_2012Metric (layer B.Cu) (tedit 5B36C52B) (tstamp 5EFF29D4)
    (at 145.415 101.9325 90)
    (descr "Resistor SMD 0805 (2012 Metric), square (rectangular) end terminal, IPC_7351 nominal, (Body size source: https://docs.google.com/spreadsheets/d/1BsfQQcO9C6DZCsRaXUlFlo91Tg2WpOkGARC1WS5S8t0/edit?usp=sharing), generated with kicad-footprint-generator")
    (tags resistor)
    (path /5F0378BD)
    (attr smd)
    (fp_text reference R1 (at 0 -1.905 270) (layer B.SilkS)
      (effects (font (size 1 1) (thickness 0.15)) (justify mirror))
    )
    (fp_text value 1K (at 0 -1.65 270) (layer B.Fab) hide
      (effects (font (size 1 1) (thickness 0.15)) (justify mirror))
    )
    (fp_line (start -1 -0.6) (end -1 0.6) (layer B.Fab) (width 0.1))
    (fp_line (start -1 0.6) (end 1 0.6) (layer B.Fab) (width 0.1))
    (fp_line (start 1 0.6) (end 1 -0.6) (layer B.Fab) (width 0.1))
    (fp_line (start 1 -0.6) (end -1 -0.6) (layer B.Fab) (width 0.1))
    (fp_line (start -0.258578 0.71) (end 0.258578 0.71) (layer B.SilkS) (width 0.12))
    (fp_line (start -0.258578 -0.71) (end 0.258578 -0.71) (layer B.SilkS) (width 0.12))
    (fp_line (start -1.68 -0.95) (end -1.68 0.95) (layer B.CrtYd) (width 0.05))
    (fp_line (start -1.68 0.95) (end 1.68 0.95) (layer B.CrtYd) (width 0.05))
    (fp_line (start 1.68 0.95) (end 1.68 -0.95) (layer B.CrtYd) (width 0.05))
    (fp_line (start 1.68 -0.95) (end -1.68 -0.95) (layer B.CrtYd) (width 0.05))
    (fp_text user %R (at 0 0 270) (layer B.Fab) hide
      (effects (font (size 0.5 0.5) (thickness 0.08)) (justify mirror))
    )
    (pad 2 smd roundrect (at 0.9375 0 90) (size 0.975 1.4) (layers B.Cu B.Paste B.Mask) (roundrect_rratio 0.25)
      (net 6 5V))
    (pad 1 smd roundrect (at -0.9375 0 90) (size 0.975 1.4) (layers B.Cu B.Paste B.Mask) (roundrect_rratio 0.25)
      (net 8 Output1))
    (model ${KISYS3DMOD}/Resistor_SMD.3dshapes/R_0805_2012Metric.wrl
      (at (xyz 0 0 0))
      (scale (xyz 1 1 1))
      (rotate (xyz 0 0 0))
    )
  )

  (module Capacitor_SMD:C_0805_2012Metric (layer B.Cu) (tedit 5B36C52B) (tstamp 5EFF2473)
    (at 136.525 101.9325 270)
    (descr "Capacitor SMD 0805 (2012 Metric), square (rectangular) end terminal, IPC_7351 nominal, (Body size source: https://docs.google.com/spreadsheets/d/1BsfQQcO9C6DZCsRaXUlFlo91Tg2WpOkGARC1WS5S8t0/edit?usp=sharing), generated with kicad-footprint-generator")
    (tags capacitor)
    (path /5F03E827)
    (attr smd)
    (fp_text reference C4 (at 0 1.65 270) (layer B.SilkS)
      (effects (font (size 1 1) (thickness 0.15)) (justify mirror))
    )
    (fp_text value 0.1uF (at 0 -1.65 270) (layer B.Fab) hide
      (effects (font (size 1 1) (thickness 0.15)) (justify mirror))
    )
    (fp_line (start -1 -0.6) (end -1 0.6) (layer B.Fab) (width 0.1))
    (fp_line (start -1 0.6) (end 1 0.6) (layer B.Fab) (width 0.1))
    (fp_line (start 1 0.6) (end 1 -0.6) (layer B.Fab) (width 0.1))
    (fp_line (start 1 -0.6) (end -1 -0.6) (layer B.Fab) (width 0.1))
    (fp_line (start -0.258578 0.71) (end 0.258578 0.71) (layer B.SilkS) (width 0.12))
    (fp_line (start -0.258578 -0.71) (end 0.258578 -0.71) (layer B.SilkS) (width 0.12))
    (fp_line (start -1.68 -0.95) (end -1.68 0.95) (layer B.CrtYd) (width 0.05))
    (fp_line (start -1.68 0.95) (end 1.68 0.95) (layer B.CrtYd) (width 0.05))
    (fp_line (start 1.68 0.95) (end 1.68 -0.95) (layer B.CrtYd) (width 0.05))
    (fp_line (start 1.68 -0.95) (end -1.68 -0.95) (layer B.CrtYd) (width 0.05))
    (fp_text user %R (at 0 0 270) (layer B.Fab) hide
      (effects (font (size 0.5 0.5) (thickness 0.08)) (justify mirror))
    )
    (pad 2 smd roundrect (at 0.9375 0 270) (size 0.975 1.4) (layers B.Cu B.Paste B.Mask) (roundrect_rratio 0.25)
      (net 5 Ground))
    (pad 1 smd roundrect (at -0.9375 0 270) (size 0.975 1.4) (layers B.Cu B.Paste B.Mask) (roundrect_rratio 0.25)
      (net 6 5V))
    (model ${KISYS3DMOD}/Capacitor_SMD.3dshapes/C_0805_2012Metric.wrl
      (at (xyz 0 0 0))
      (scale (xyz 1 1 1))
      (rotate (xyz 0 0 0))
    )
  )

  (module Capacitor_SMD:C_0805_2012Metric (layer B.Cu) (tedit 5B36C52B) (tstamp 5EFF2503)
    (at 140.97 101.9325 270)
    (descr "Capacitor SMD 0805 (2012 Metric), square (rectangular) end terminal, IPC_7351 nominal, (Body size source: https://docs.google.com/spreadsheets/d/1BsfQQcO9C6DZCsRaXUlFlo91Tg2WpOkGARC1WS5S8t0/edit?usp=sharing), generated with kicad-footprint-generator")
    (tags capacitor)
    (path /5F03CABE)
    (attr smd)
    (fp_text reference C3 (at 0 1.65 270) (layer B.SilkS)
      (effects (font (size 1 1) (thickness 0.15)) (justify mirror))
    )
    (fp_text value 0.01uF (at 0 -1.65 270) (layer B.Fab) hide
      (effects (font (size 1 1) (thickness 0.15)) (justify mirror))
    )
    (fp_line (start -1 -0.6) (end -1 0.6) (layer B.Fab) (width 0.1))
    (fp_line (start -1 0.6) (end 1 0.6) (layer B.Fab) (width 0.1))
    (fp_line (start 1 0.6) (end 1 -0.6) (layer B.Fab) (width 0.1))
    (fp_line (start 1 -0.6) (end -1 -0.6) (layer B.Fab) (width 0.1))
    (fp_line (start -0.258578 0.71) (end 0.258578 0.71) (layer B.SilkS) (width 0.12))
    (fp_line (start -0.258578 -0.71) (end 0.258578 -0.71) (layer B.SilkS) (width 0.12))
    (fp_line (start -1.68 -0.95) (end -1.68 0.95) (layer B.CrtYd) (width 0.05))
    (fp_line (start -1.68 0.95) (end 1.68 0.95) (layer B.CrtYd) (width 0.05))
    (fp_line (start 1.68 0.95) (end 1.68 -0.95) (layer B.CrtYd) (width 0.05))
    (fp_line (start 1.68 -0.95) (end -1.68 -0.95) (layer B.CrtYd) (width 0.05))
    (fp_text user %R (at 0 0 270) (layer B.Fab) hide
      (effects (font (size 0.5 0.5) (thickness 0.08)) (justify mirror))
    )
    (pad 2 smd roundrect (at 0.9375 0 270) (size 0.975 1.4) (layers B.Cu B.Paste B.Mask) (roundrect_rratio 0.25)
      (net 5 Ground))
    (pad 1 smd roundrect (at -0.9375 0 270) (size 0.975 1.4) (layers B.Cu B.Paste B.Mask) (roundrect_rratio 0.25)
      (net 6 5V))
    (model ${KISYS3DMOD}/Capacitor_SMD.3dshapes/C_0805_2012Metric.wrl
      (at (xyz 0 0 0))
      (scale (xyz 1 1 1))
      (rotate (xyz 0 0 0))
    )
  )

  (dimension 27.94 (width 0.15) (layer Dwgs.User)
    (gr_text "27.940 mm" (at 163.86 92.71 90) (layer Dwgs.User)
      (effects (font (size 1 1) (thickness 0.15)))
    )
    (feature1 (pts (xy 160.02 78.74) (xy 163.146421 78.74)))
    (feature2 (pts (xy 160.02 106.68) (xy 163.146421 106.68)))
    (crossbar (pts (xy 162.56 106.68) (xy 162.56 78.74)))
    (arrow1a (pts (xy 162.56 78.74) (xy 163.146421 79.866504)))
    (arrow1b (pts (xy 162.56 78.74) (xy 161.973579 79.866504)))
    (arrow2a (pts (xy 162.56 106.68) (xy 163.146421 105.553496)))
    (arrow2b (pts (xy 162.56 106.68) (xy 161.973579 105.553496)))
  )
  (gr_line (start 160.02 106.68) (end 123.19 106.68) (layer Edge.Cuts) (width 0.05) (tstamp 5F05E14F))
  (gr_line (start 160.02 78.74) (end 160.02 106.68) (layer Edge.Cuts) (width 0.05))
  (gr_line (start 123.19 78.74) (end 123.19 106.68) (layer Edge.Cuts) (width 0.05))
  (gr_line (start 160.02 78.74) (end 123.19 78.74) (layer Edge.Cuts) (width 0.05))
  (dimension 36.83 (width 0.15) (layer Dwgs.User)
    (gr_text "36.830 mm" (at 141.605 76.17) (layer Dwgs.User)
      (effects (font (size 1 1) (thickness 0.15)))
    )
    (feature1 (pts (xy 123.19 78.74) (xy 123.19 76.883579)))
    (feature2 (pts (xy 160.02 78.74) (xy 160.02 76.883579)))
    (crossbar (pts (xy 160.02 77.47) (xy 123.19 77.47)))
    (arrow1a (pts (xy 123.19 77.47) (xy 124.316504 76.883579)))
    (arrow1b (pts (xy 123.19 77.47) (xy 124.316504 78.056421)))
    (arrow2a (pts (xy 160.02 77.47) (xy 158.893496 76.883579)))
    (arrow2b (pts (xy 160.02 77.47) (xy 158.893496 78.056421)))
  )
  (gr_text FiP (at 156.21 102.87) (layer F.SilkS)
    (effects (font (size 2 2) (thickness 0.3)))
  )

  (segment (start 144.83051 81.13249) (end 144.018 81.945) (width 0.25) (layer F.Cu) (net 1) (tstamp 5F04DD3B))
  (segment (start 147.574 83.77351) (end 148.59901 82.7485) (width 0.25) (layer F.Cu) (net 1))
  (segment (start 148.59901 82.7485) (end 148.59901 81.46566) (width 0.25) (layer F.Cu) (net 1))
  (segment (start 148.59901 81.46566) (end 148.26584 81.13249) (width 0.25) (layer F.Cu) (net 1))
  (segment (start 147.574 83.82) (end 147.574 83.77351) (width 0.25) (layer F.Cu) (net 1))
  (segment (start 148.26584 81.13249) (end 144.83051 81.13249) (width 0.25) (layer F.Cu) (net 1))
  (segment (start 147.32 84.074) (end 147.574 83.82) (width 0.25) (layer F.Cu) (net 1))
  (segment (start 147.32 85.09) (end 147.32 84.074) (width 0.25) (layer F.Cu) (net 1))
  (segment (start 147.0025 87.5157) (end 147.0025 85.4075) (width 0.25) (layer F.Cu) (net 1))
  (segment (start 147.0025 85.4075) (end 147.32 85.09) (width 0.25) (layer F.Cu) (net 1))
  (segment (start 146.3675 87.5157) (end 146.3675 86.4657) (width 0.25) (layer F.Cu) (net 2))
  (segment (start 141.52449 82.75751) (end 140.462 83.82) (width 0.25) (layer F.Cu) (net 2))
  (segment (start 144.98751 82.75751) (end 141.52449 82.75751) (width 0.25) (layer F.Cu) (net 2))
  (segment (start 146.3675 84.1375) (end 144.98751 82.75751) (width 0.25) (layer F.Cu) (net 2))
  (segment (start 146.3675 83.1515) (end 146.3675 84.7725) (width 0.25) (layer F.Cu) (net 2))
